# oST version 5.0 parameters


[image]

width
640

height
480

[narrow_stereo]

camera matrix
627.999924 0.000000 297.437531
0.000000 626.298306 236.011109
0.000000 0.000000 1.000000

distortion
0.008965 -0.107833 0.002838 -0.004833 0.000000

rectification
1.000000 0.000000 0.000000
0.000000 1.000000 0.000000
0.000000 0.000000 1.000000

projection
623.859497 0.000000 294.369615 0.000000
0.000000 626.259155 236.828514 0.000000
0.000000 0.000000 1.000000 0.000000
